function P = Status_Set(P)

% 人为设置部分状态转移关系
P(1,:) = 0;            %单点闭集（1）
P(1,1) = 1;
P(3,:) = 0;            %单点闭集（3）    
P(3,3) = 1;

%常返闭集（2,4,6,8,10）
P(2,:) = 0;            
P(4,:) = 0;
P(6,:) = 0;
P(8,:) = 0;
P(10,:) =0;
P(2,4) = 1;
P(4,6) = 1;
P(6,8) = 1;
P(8,10) = 1;
P(10,2) = 1;

%常返闭集（7,20,30,50,70,88,90）
P(7,:) = 0;
P(88,:) = 0;
P(20,:) = 0;           
P(30,:) = 0;
P(50,:) = 0;
P(70,:) = 0;
P(90,:) = 0;
P(90,70) = 1;
P(70,50) = 1;
P(50,30) = 1;
P(30,20) = 0.3;
P(30,7) = 0.3;
P(30,88) = 0.4;
P(88,20) = 1;
P(7,20) = 1;
P(20,90) = 1;



% 周期封闭子集(11,12,13,14,15,16)
P(11,:) = 0;
P(12,:) = 0;
P(13,:) = 0;
P(14,:) = 0;
P(15,:) = 0;
P(16,:) = 0;
P(11,13) = 0.5;
P(11,15) = 0.5;
P(12,14) = 0.3;
P(12,16) = 0.3;
P(12,11) = 0.4;
P(13,12) = 1;
P(14,13) = 1;
P(15,12) = 1;
P(16,13) = 0.25;
P(16,15) = 0.75;
